0.001152
0.000865
0.000613
0.000454
0.000421
0.000541
0.000504
0.004158
0.000232
0.000121
0.006681
0.000130
0.000181
0.005433
0.000150
0.002622
0.000135
0.000911
0.000120
0.000291
0.000111
0.000201
0.000100
0.000280
0.000097
0.000097
0.000097
0.000097
0.006568
0.006541
0.000159
0.000164
0.000169
0.000146
0.000273
0.000097
0.000097
0.000097
0.000097
0.000308
0.001396
0.000169
0.000145
0.000273
0.000160
0.000182
0.000230
0.000180
0.000196
0.000147
0.000143
0.000119
0.000121
0.000103
0.000107
0.000193
0.000207
0.003653
0.000209
0.000186
0.000216
0.000149
0.000163
0.000522
0.000408
0.002599
0.000383
0.000244
0.000523
0.000225
0.000586
0.000399
0.000175
0.000296
0.000162
0.000218
0.000144
0.000177
0.000129
0.000113
0.000169
0.000160
0.000322
0.004870
0.000271
0.000290
0.000187
0.000246
0.000589
0.000345
0.002475
0.000431
0.000541
0.000613
0.000357
0.000814
0.000306
0.000282
0.000206
0.000237
0.000176
0.000143
0.000159
0.000130
0.000144
0.000144
0.000138
0.000168
0.000258
0.002105
0.000350
0.000230
0.000209
0.000261
0.000305
0.000921
0.000191
0.000238
0.000257
0.000237
0.000278
0.000194
0.000195
0.000166
0.000159
0.000142
0.000151
0.000136
0.000129
0.000120
0.000139
0.000137
0.000156
0.000195
0.000357
0.001338
0.000262
0.000140
0.000279
0.000310
0.000292
0.000110
0.000213
0.000144
0.000238
0.000133
0.000159
0.000194
0.000180
0.000165
0.000152
0.000133
0.000142
0.000133
0.000127
0.000143
0.000138
0.000159
0.000198
0.000281
0.000522
0.000512
0.000097
0.000097
0.000176
0.000097
0.000152
0.000201
0.000448
0.000171
0.000097
0.000097
0.000098
0.000097
0.000173
0.000147
0.000282
0.000119
0.000179
0.000226
0.000166
0.000214
0.000119
0.000194
0.000104
0.000153
0.000147
0.000122
0.000121
0.000130
0.000142
0.000168
0.000192
0.000409
0.000112
0.000150
0.000215
0.000129
0.000109
0.000165
0.000135
0.000167
0.000137
0.000172
0.000128
0.000167
0.000108
0.000150
0.000100
0.000149
0.001136
0.000467
0.000980
0.001129
0.000669
0.000489
0.000505
0.000364
0.000593
0.000280
0.001316
0.000586
0.003660
0.000900
0.003946
0.000250
0.000543
0.000206
0.000295
0.000143
0.000166
0.000121
0.000150
0.000107
0.000448
0.000097
0.000097
0.000097
0.000097
0.000304
0.001333
0.000139
0.000279
0.000097
0.000097
0.000097
0.000097
0.006822
0.005556
0.000183
0.000178
0.000188
0.000143
0.000996
0.000097
0.000097
0.000097
0.000097
0.000514
0.003372
0.000195
0.000142
0.000320
0.000204
0.001131
0.000231
0.000692
0.000162
0.000379
0.000122
0.000318
0.000108
0.000106
0.000132
0.000342
0.000548
0.001157
0.000524
0.000191
0.000359
0.003608
0.000378
0.000318
0.000376
0.000153
0.000312
0.001375
0.000620
0.002070
0.001029
0.000465
0.000777
0.000336
0.001024
0.000612
0.000240
0.000306
0.000190
0.000193
0.000144
0.000115
0.000120
0.000118
0.000223
0.000291
0.000931
0.000139
0.000145
0.000162
0.000255
0.004134
0.000235
0.000232
0.000156
0.000157
0.000440
0.000317
0.001699
0.000202
0.000237
0.000222
0.000212
0.000225
0.000246
0.000163
0.000149
0.000195
0.000141
0.000149
0.000125
0.000124
0.000227
0.000365
0.000353
0.000480
0.000225
0.000145
0.000148
0.000204
0.000264
0.001744
0.000316
0.000194
0.000591
0.000626
0.000315
0.001646
0.000337
0.000508
0.000546
0.000219
0.000589
0.000419
0.000439
0.000162
0.000193
0.000188
0.000140
0.000129
0.000126
0.000141
0.000203
0.000325
0.000167
0.000120
0.000130
0.000136
0.000158
0.000166
0.000312
0.001073
0.000200
0.000210
0.000278
0.000266
0.000238
0.000147
0.000206
0.000202
0.000193
0.000174
0.000160
0.000185
0.000147
0.000126
0.000144
0.000104
0.000130
0.000125
0.000140
0.000288
0.000475
0.000166
0.000097
0.000097
0.000099
0.000097
0.000137
0.000143
0.000172
0.000176
0.000260
0.000467
0.000458
0.000097
0.000098
0.000162
0.000097
0.000193
0.000291
0.000361
0.000200
0.000097
0.000097
0.000099
0.000097
0.000231
0.000173
0.000233
0.000127
0.000206
0.000216
0.000183
0.000204
0.000134
0.000163
0.000101
0.000144
0.000108
0.000166
0.000178
0.000120
0.000119
0.000124
0.000132
0.000146
0.000169
0.000365
0.000113
0.000159
0.000198
0.000134
0.000108
0.000147
0.000146
0.000149
0.000131
0.000158
0.000116
0.000147
0.000103
0.000144
0.000690
0.000136
0.001140
0.002403
0.003837
0.000205
0.002434
0.001308
0.001114
0.001031
0.000775
0.000908
0.001026
0.001992
0.004148
0.000317
0.000935
0.000225
0.004238
0.000398
0.002315
0.000215
0.002218
0.000189
0.000373
0.000124
0.000271
0.000189
0.000558
0.000766
0.000097
0.000097
0.000097
0.000097
0.001048
0.001770
0.000324
0.000628
0.000097
0.000097
0.000097
0.000097
0.004736
0.003477
0.000440
0.000323
0.000339
0.000245
0.000923
0.000097
0.000097
0.000097
0.000097
0.001489
0.002017
0.000333
0.000227
0.001001
0.000583
0.000781
0.000337
0.000361
0.000173
0.000187
0.000129
0.000130
0.000159
0.000275
0.000213
0.002016
0.000323
0.000340
0.000520
0.000588
0.001371
0.001856
0.000219
0.000530
0.004428
0.000316
0.000218
0.000259
0.000214
0.000764
0.000863
0.000740
0.002987
0.003556
0.000307
0.002456
0.000343
0.003135
0.000487
0.000204
0.000274
0.000170
0.000218
0.000124
0.000111
0.000268
0.000196
0.000271
0.000481
0.000226
0.000164
0.001104
0.000377
0.001706
0.000466
0.000182
0.000301
0.000365
0.003959
0.000276
0.000260
0.000217
0.000472
0.001124
0.000502
0.004326
0.000732
0.000675
0.000954
0.000268
0.000912
0.000535
0.000259
0.000172
0.000286
0.000143
0.000128
0.000142
0.000164
0.000178
0.000286
0.000218
0.000168
0.000231
0.000262
0.000348
0.000741
0.000253
0.000158
0.000192
0.000203
0.000291
0.001759
0.000294
0.000216
0.000412
0.000456
0.000343
0.000787
0.000255
0.000252
0.000346
0.000213
0.000320
0.000221
0.000140
0.000147
0.000177
0.000108
0.000136
0.000134
0.000158
0.000149
0.000296
0.000147
0.000140
0.000176
0.000270
0.000292
0.000303
0.000127
0.000135
0.000148
0.000149
0.000192
0.000289
0.001048
0.000229
0.000222
0.000343
0.000290
0.000265
0.000149
0.000194
0.000237
0.000179
0.000212
0.000169
0.000179
0.000146
0.000124
0.000136
0.000100
0.000129
0.000153
0.000131
0.000327
0.000136
0.000150
0.000226
0.000467
0.000164
0.000097
0.000097
0.000098
0.000097
0.000130
0.000146
0.000156
0.000169
0.000223
0.000377
0.000378
0.000097
0.000098
0.000149
0.000097
0.000197
0.000232
0.000315
0.000191
0.000097
0.000097
0.000100
0.000097
0.000187
0.000161
0.000211
0.000132
0.000163
0.000202
0.000141
0.000158
0.000107
0.000143
0.000132
0.000112
0.000156
0.000122
0.000182
0.000194
0.000119
0.000136
0.000134
0.000145
0.000150
0.000175
0.000351
0.000124
0.000163
0.000218
0.000130
0.000116
0.000158
0.000148
0.000157
0.000130
0.000144
0.000114
0.000146
0.000826
0.001390
0.001108
0.000149
0.002493
0.002963
0.003667
0.000213
0.005446
0.002781
0.002264
0.001509
0.001041
0.000996
0.001653
0.002903
0.003913
0.000380
0.000971
0.000260
0.001930
0.000427
0.000700
0.000316
0.000591
0.000224
0.000540
0.000395
0.000442
0.002267
0.001036
0.001011
0.000097
0.000097
0.000097
0.000097
0.001532
0.002896
0.002983
0.000725
0.000097
0.000097
0.000097
0.000097
0.003020
0.001932
0.000399
0.000355
0.000268
0.000296
0.001382
0.000097
0.000097
0.000097
0.000097
0.001575
0.002492
0.002736
0.001352
0.000572
0.002822
0.001133
0.000206
0.000693
0.000143
0.000388
0.000181
0.000333
0.000402
0.000177
0.000336
0.000324
0.000734
0.000151
0.001516
0.000950
0.002542
0.000580
0.000289
0.000859
0.003531
0.000352
0.000236
0.000224
0.000240
0.000183
0.001749
0.001044
0.003366
0.000527
0.000510
0.000255
0.000475
0.000529
0.000799
0.000275
0.000371
0.000163
0.000251
0.000130
0.000208
0.000206
0.000202
0.000695
0.000264
0.000706
0.000283
0.000354
0.000678
0.000551
0.002994
0.001133
0.000210
0.000384
0.000488
0.003881
0.000282
0.000250
0.000273
0.000553
0.000891
0.000600
0.003572
0.000615
0.000208
0.000909
0.000305
0.000894
0.000351
0.000119
0.000174
0.000266
0.000183
0.000115
0.000130
0.000183
0.000143
0.000227
0.000206
0.000235
0.000243
0.000266
0.000286
0.000436
0.000382
0.001136
0.000251
0.000161
0.000202
0.000205
0.000313
0.002115
0.000306
0.000265
0.000408
0.000588
0.000391
0.001031
0.000405
0.000253
0.000356
0.000195
0.000465
0.000237
0.000152
0.000147
0.000130
0.000103
0.000146
0.000129
0.000193
0.000150
0.000187
0.000224
0.000213
0.000142
0.000242
0.000294
0.000310
0.000278
0.000180
0.000136
0.000164
0.000154
0.000189
0.000295
0.001052
0.000260
0.000267
0.000329
0.000283
0.000306
0.000169
0.000172
0.000241
0.000166
0.000196
0.000162
0.000144
0.000142
0.000108
0.000134
0.000126
0.000256
0.000140
0.000132
0.000323
0.000113
0.000157
0.000188
0.000298
0.000165
0.000097
0.000097
0.000100
0.000097
0.000125
0.000138
0.000146
0.000159
0.000196
0.000314
0.000308
0.000097
0.000097
0.000153
0.000097
0.000161
0.000184
0.000255
0.000171
0.000097
0.000097
0.000100
0.000097
0.000143
0.000145
0.000216
0.000134
0.000135
0.000149
0.000116
0.000139
0.000129
0.000169
0.000137
0.000114
0.000164
0.000130
0.000173
0.000194
0.000124
0.000130
0.000145
0.000160
0.000162
0.000170
0.000318
0.000127
0.000160
0.000225
0.000146
0.000116
0.000166
0.000139
0.000148
0.000123
0.000149
0.000511
0.000165
0.000580
0.000209
0.002987
0.000482
0.000343
0.002788
0.001556
0.000665
0.003055
0.001738
0.001253
0.000970
0.000579
0.000574
0.000855
0.002057
0.001162
0.000430
0.009422
0.000245
0.000303
0.000262
0.000226
0.000197
0.000365
0.000316
0.000885
0.000377
0.000762
0.001066
0.001696
0.001679
0.000097
0.000097
0.000097
0.000097
0.002063
0.003768
0.001210
0.000827
0.000097
0.000097
0.000097
0.000097
0.004491
0.002655
0.000381
0.000245
0.000229
0.000208
0.001955
0.000097
0.000097
0.000097
0.000097
0.001306
0.004408
0.001490
0.000214
0.000251
0.001377
0.001334
0.000144
0.000678
0.000158
0.000303
0.000208
0.000572
0.000442
0.000270
0.000343
0.000583
0.001152
0.000184
0.001715
0.001180
0.004856
0.000807
0.000251
0.000817
0.005311
0.000312
0.000197
0.000200
0.000194
0.000184
0.001350
0.001073
0.002776
0.000544
0.000161
0.000190
0.000369
0.000448
0.000892
0.000178
0.000451
0.000161
0.000144
0.000148
0.000159
0.000309
0.000294
0.000609
0.000259
0.000920
0.000347
0.000452
0.000778
0.000618
0.003511
0.000815
0.000192
0.000308
0.000484
0.004850
0.000219
0.000208
0.000211
0.000255
0.000897
0.000633
0.002479
0.000789
0.000243
0.000529
0.000252
0.000612
0.000218
0.000108
0.000219
0.000164
0.000117
0.000161
0.000146
0.000151
0.000161
0.000217
0.000514
0.000198
0.000829
0.000212
0.000722
0.000477
0.000399
0.000906
0.000639
0.000155
0.000183
0.000194
0.000308
0.001851
0.000238
0.000214
0.000532
0.000442
0.000336
0.001564
0.000267
0.000254
0.000408
0.000194
0.000310
0.000247
0.000117
0.000161
0.000123
0.000109
0.000147
0.000132
0.000146
0.000145
0.000167
0.000155
0.000145
0.000143
0.000172
0.000266
0.000250
0.000219
0.000141
0.000123
0.000137
0.000138
0.000160
0.000263
0.000747
0.000188
0.000181
0.000273
0.000251
0.000342
0.000151
0.000144
0.000162
0.000164
0.000147
0.000122
0.000124
0.000140
0.000116
0.000193
0.000135
0.000214
0.000147
0.000158
0.000191
0.000128
0.000165
0.000202
0.000228
0.000172
0.000097
0.000097
0.000100
0.000097
0.000120
0.000129
0.000137
0.000146
0.000175
0.000250
0.000274
0.000097
0.000098
0.000138
0.000097
0.000158
0.000195
0.000247
0.000169
0.000097
0.000097
0.000102
0.000097
0.000141
0.000131
0.000154
0.000107
0.000131
0.000140
0.000118
0.000149
0.000136
0.000148
0.000138
0.000115
0.000147
0.000129
0.000156
0.000200
0.000115
0.000122
0.000128
0.000160
0.000161
0.000148
0.000254
0.000131
0.000164
0.000214
0.000135
0.000108
0.000142
0.000136
0.000145
0.000599
0.000219
0.001006
0.000834
0.002693
0.001358
0.005180
0.000344
0.002498
0.007887
0.005511
0.000778
0.002187
0.000963
0.000642
0.000405
0.000300
0.000270
0.000262
0.001477
0.003364
0.000566
0.000295
0.000178
0.000447
0.000134
0.000131
0.000164
0.000149
0.000218
0.000201
0.000157
0.000369
0.000273
0.000302
0.000900
0.000097
0.000097
0.000097
0.000097
0.001560
0.003497
0.000236
0.000700
0.000097
0.000097
0.000097
0.000097
0.008572
0.006453
0.000180
0.000161
0.000152
0.000134
0.000631
0.000097
0.000097
0.000097
0.000097
0.000971
0.002055
0.000211
0.000116
0.000144
0.000164
0.000244
0.000138
0.000148
0.000173
0.000371
0.000211
0.000395
0.000458
0.004158
0.000369
0.004183
0.000735
0.001508
0.002021
0.001351
0.003112
0.005233
0.000187
0.000777
0.004415
0.000321
0.000253
0.000189
0.000141
0.000238
0.001250
0.001196
0.002027
0.002200
0.000123
0.000641
0.000288
0.002032
0.000388
0.000140
0.000140
0.000184
0.000216
0.000161
0.000345
0.000524
0.000500
0.000232
0.000527
0.000763
0.000299
0.001411
0.000636
0.003275
0.000364
0.000147
0.000189
0.000476
0.004152
0.000213
0.000161
0.000139
0.000147
0.001161
0.000486
0.001857
0.000227
0.000216
0.000165
0.000223
0.000320
0.000288
0.000135
0.000115
0.000134
0.000147
0.000138
0.000178
0.000191
0.000263
0.000180
0.000309
0.000168
0.000332
0.000380
0.000324
0.000757
0.000271
0.000128
0.000139
0.000180
0.000268
0.001439
0.000175
0.000143
0.000213
0.000291
0.000298
0.000788
0.000180
0.000149
0.000171
0.000202
0.000258
0.000143
0.000104
0.000130
0.000112
0.000132
0.000137
0.000134
0.000150
0.000161
0.000145
0.000149
0.000154
0.000165
0.000247
0.000229
0.000209
0.000142
0.000116
0.000123
0.000135
0.000147
0.000211
0.000604
0.000139
0.000145
0.000229
0.000237
0.000257
0.000116
0.000129
0.000145
0.000160
0.000138
0.000125
0.000106
0.000158
0.000128
0.000169
0.000139
0.000146
0.000148
0.000147
0.000152
0.000125
0.000149
0.000195
0.000202
0.000149
0.000097
0.000097
0.000099
0.000097
0.000115
0.000119
0.000129
0.000142
0.000150
0.000251
0.000231
0.000097
0.000098
0.000135
0.000098
0.000148
0.000189
0.000242
0.000141
0.000097
0.000097
0.000098
0.000097
0.000139
0.000138
0.000161
0.000110
0.000108
0.000135
0.000115
0.000131
0.000129
0.000129
0.000128
0.000112
0.000133
0.000115
0.000145
0.000188
0.000107
0.000108
0.000114
0.000121
0.000133
0.000127
0.000213
0.000117
0.000142
0.000191
0.000119
0.000104
0.000134
0.000141
0.000103
0.000142
0.000106
0.000185
0.000112
0.000209
0.000124
0.000215
0.001129
0.000125
0.004130
0.003738
0.001913
0.005958
0.000276
0.000210
0.000205
0.000169
0.000177
0.000138
0.004308
0.003819
0.000302
0.000111
0.000140
0.000116
0.000394
0.000131
0.000474
0.000142
0.000909
0.000150
0.000160
0.000220
0.001244
0.002500
0.000097
0.000097
0.000097
0.000097
0.001158
0.004898
0.000227
0.001089
0.000097
0.000097
0.000097
0.000097
0.008242
0.003819
0.000137
0.000130
0.000126
0.000112
0.000471
0.000097
0.000097
0.000097
0.000097
0.000728
0.002635
0.000145
0.000116
0.000125
0.000133
0.000145
0.000177
0.000165
0.000258
0.000184
0.000458
0.000232
0.000626
0.000412
0.000305
0.001028
0.001011
0.002796
0.000640
0.000129
0.000528
0.005115
0.000220
0.000174
0.000157
0.000124
0.000127
0.000390
0.000575
0.001576
0.000364
0.000126
0.000124
0.000138
0.000171
0.000186
0.000147
0.000190
0.000295
0.000285
0.000217
0.000244
0.000284
0.000171
0.000747
0.000523
0.001802
0.000244
0.000121
0.000135
0.000379
0.003565
0.000176
0.000146
0.000125
0.000134
0.000332
0.000411
0.001151
0.000169
0.000121
0.000123
0.000172
0.000131
0.000404
0.000140
0.000195
0.000761
0.000582
0.000174
0.000460
0.000520
0.000587
0.000781
0.000286
0.002024
0.000251
0.000119
0.000118
0.000163
0.000241
0.001165
0.000147
0.000137
0.000237
0.000920
0.000326
0.000691
0.000165
0.000124
0.000107
0.000123
0.000119
0.000124
0.000134
0.000132
0.000147
0.000144
0.000147
0.000144
0.000142
0.000146
0.000202
0.000217
0.000244
0.000129
0.000108
0.000113
0.000126
0.000132
0.000207
0.000523
0.000133
0.000123
0.000190
0.000254
0.000179
0.000105
0.000101
0.000138
0.000109
0.000136
0.000121
0.000134
0.000129
0.000130
0.000138
0.000127
0.000137
0.000110
0.000137
0.000166
0.000195
0.000143
0.000097
0.000097
0.000100
0.000097
0.000108
0.000112
0.000122
0.000128
0.000140
0.000217
0.000188
0.000097
0.000098
0.000132
0.000097
0.000120
0.000158
0.000232
0.000128
0.000097
0.000097
0.000098
0.000097
0.000102
0.000140
0.000108
0.000130
0.000112
0.000128
0.000121
0.000133
0.000118
0.000104
0.000137
0.000106
0.000139
0.000193
0.000105
0.000106
0.000111
0.000119
0.000127
0.000128
0.000171
0.000105
0.000139
0.000180
0.000179
0.000100
0.000230
0.000101
0.000436
0.000104
0.000810
0.000108
0.000939
0.000112
0.000568
0.000121
0.000124
0.002285
0.001097
0.000110
0.001266
0.000317
0.000269
0.000229
0.000190
0.000186
0.000180
0.000106
0.000108
0.000103
0.000114
0.000110
0.000121
0.000128
0.000124
0.000138
0.000210
0.000132
0.000272
0.000139
0.001199
0.000097
0.000097
0.000097
0.000097
0.000928
0.002339
0.000303
0.000566
0.000097
0.000097
0.000097
0.000097
0.009151
0.006423
0.000126
0.000122
0.000120
0.000117
0.000107
0.000117
0.000124
0.000152
0.000136
0.000174
0.000150
0.000248
0.000221
0.000256
0.000196
0.000287
0.000243
0.000131
0.000902
0.000571
0.002326
0.000184
0.000138
0.000294
0.004251
0.000160
0.000149
0.000147
0.000125
0.000122
0.000124
0.000137
0.000146
0.000147
0.000143
0.000172
0.000233
0.000246
0.000637
0.000218
0.000722
0.000303
0.000256
0.001109
0.000337
0.001930
0.000349
0.000134
0.000120
0.000234
0.004524
0.000184
0.000166
0.000140
0.000122
0.000121
0.000130
0.000153
0.000145
0.000247
0.000169
0.000152
0.000292
0.000196
0.000201
0.000210
0.000187
0.000182
0.000373
0.000330
0.001128
0.000139
0.000122
0.000116
0.000161
0.000286
0.001698
0.000194
0.000163
0.000124
0.000122
0.000123
0.000124
0.000163
0.000127
0.000225
0.000135
0.000219
0.000147
0.000161
0.000138
0.000170
0.000148
0.000350
0.000247
0.000473
0.000109
0.000115
0.000111
0.000131
0.000161
0.000235
0.000743
0.000162
0.000143
0.000102
0.000142
0.000111
0.000134
0.000128
0.000133
0.000143
0.000136
0.000141
0.000130
0.000149
0.000111
0.000127
0.000158
0.000208
0.000148
0.000097
0.000097
0.000098
0.000097
0.000115
0.000110
0.000123
0.000138
0.000159
0.000264
0.000276
0.000097
0.000098
0.000145
0.000097
0.000099
0.000141
0.000100
0.000139
0.000105
0.000137
0.000113
0.000140
0.000117
0.000145
0.000119
0.000102
0.000138
0.000105
0.000134
0.000190
0.000108
0.000106
0.000113
0.000127
0.000141
0.000144
0.000227
