   0 0.001250     6386
   1 0.000928     4739
   2 0.000684     3495
   3 0.000536     2736
   4 0.000503     2571
   5 0.000633     3231
   6 0.000574     2932
   7 0.004300    21965
   8 0.000261     1332
   9 0.000054      276
  10 0.006869    35089
  11 0.000077      395
  12 0.000179      916
  13 0.005665    28939
  14 0.000131      670
  15 0.002711    13846
  16 0.000084      431
  17 0.000978     4996
  18 0.000055      281
  19 0.000348     1779
  20 0.000033      169
  21 0.000212     1085
  22 0.000008       43
  23 0.000322     1645
  24 0.000000        0
  25 0.000000        0
  26 0.000000        0
  27 0.000000        0
  28 0.006776    34615
  29 0.006422    32805
  30 0.000140      713
  31 0.000149      759
  32 0.000158      808
  33 0.000115      590
  34 0.000322     1645
  35 0.000000        0
  36 0.000000        0
  37 0.000000        0
  38 0.000000        0
  39 0.000366     1872
  40 0.001445     7379
  41 0.000161      821
  42 0.000106      539
  43 0.000314     1603
  44 0.000141      720
  45 0.000180      920
  46 0.000254     1300
  47 0.000174      888
  48 0.000208     1060
  49 0.000122      623
  50 0.000106      542
  51 0.000053      269
  52 0.000057      291
  53 0.000016       84
  54 0.000027      137
  55 0.000202     1031
  56 0.000223     1140
  57 0.003775    19285
  58 0.000221     1130
  59 0.000188      961
  60 0.000236     1208
  61 0.000127      650
  62 0.000149      760
  63 0.000620     3167
  64 0.000484     2471
  65 0.002622    13392
  66 0.000455     2325
  67 0.000277     1416
  68 0.000608     3107
  69 0.000252     1287
  70 0.000666     3403
  71 0.000471     2407
  72 0.000168      860
  73 0.000339     1730
  74 0.000146      745
  75 0.000241     1230
  76 0.000112      573
  77 0.000169      862
  78 0.000072      370
  79 0.000038      193
  80 0.000160      815
  81 0.000141      719
  82 0.000382     1952
  83 0.004794    24489
  84 0.000313     1600
  85 0.000337     1722
  86 0.000185      944
  87 0.000282     1440
  88 0.000686     3505
  89 0.000410     2093
  90 0.002444    12487
  91 0.000502     2564
  92 0.000630     3219
  93 0.000687     3511
  94 0.000430     2195
  95 0.000907     4635
  96 0.000361     1842
  97 0.000335     1712
  98 0.000218     1114
  99 0.000272     1390
 100 0.000173      882
 101 0.000106      543
 102 0.000137      698
 103 0.000077      395
 104 0.000112      574
 105 0.000105      536
 106 0.000094      478
 107 0.000156      796
 108 0.000299     1526
 109 0.002107    10762
 110 0.000410     2093
 111 0.000254     1296
 112 0.000228     1167
 113 0.000300     1531
 114 0.000364     1859
 115 0.000975     4980
 116 0.000188      958
 117 0.000268     1370
 118 0.000292     1494
 119 0.000268     1367
 120 0.000327     1672
 121 0.000204     1041
 122 0.000208     1061
 123 0.000157      803
 124 0.000139      709
 125 0.000110      560
 126 0.000131      670
 127 0.000089      453
 128 0.000074      379
 129 0.000053      271
 130 0.000095      485
 131 0.000092      472
 132 0.000132      675
 133 0.000206     1054
 134 0.000422     2156
 135 0.001371     7003
 136 0.000305     1558
 137 0.000099      505
 138 0.000322     1645
 139 0.000369     1885
 140 0.000344     1757
 141 0.000031      158
 142 0.000233     1192
 143 0.000108      554
 144 0.000271     1386
 145 0.000082      419
 146 0.000137      702
 147 0.000199     1018
 148 0.000175      892
 149 0.000155      790
 150 0.000130      665
 151 0.000082      419
 152 0.000105      535
 153 0.000081      412
 154 0.000071      364
 155 0.000106      544
 156 0.000095      487
 157 0.000138      705
 158 0.000208     1060
 159 0.000328     1675
 160 0.000607     3101
 161 0.000604     3086
 162 0.000000        1
 163 0.000001        6
 164 0.000168      860
 165 0.000001        5
 166 0.000132      675
 167 0.000211     1080
 168 0.000521     2659
 169 0.000160      819
 170 0.000000        0
 171 0.000000        0
 172 0.000002       12
 173 0.000000        0
 174 0.000163      835
 175 0.000114      583
 176 0.000327     1671
 177 0.000051      259
 178 0.000174      891
 179 0.000250     1279
 180 0.000152      775
 181 0.000229     1170
 182 0.000052      266
 183 0.000200     1023
 184 0.000017       89
 185 0.000130      666
 186 0.000116      595
 187 0.000059      302
 188 0.000056      286
 189 0.000075      383
 190 0.000107      545
 191 0.000155      791
 192 0.000195      996
 193 0.000482     2464
 194 0.000036      184
 195 0.000129      661
 196 0.000236     1208
 197 0.000072      366
 198 0.000028      144
 199 0.000152      779
 200 0.000086      437
 201 0.000158      806
 202 0.000095      483
 203 0.000166      847
 204 0.000070      360
 205 0.000156      799
 206 0.000026      132
 207 0.000130      662
 208 0.000008       41
 209 0.000124      635
 210 0.001209     6174
 211 0.000559     2853
 212 0.001017     5196
 213 0.001203     6143
 214 0.000762     3894
 215 0.000572     2923
 216 0.000590     3013
 217 0.000435     2221
 218 0.000683     3487
 219 0.000332     1696
 220 0.001382     7060
 221 0.000674     3443
 222 0.003567    18219
 223 0.001008     5147
 224 0.003941    20131
 225 0.000286     1460
 226 0.000639     3263
 227 0.000224     1142
 228 0.000349     1784
 229 0.000107      546
 230 0.000153      782
 231 0.000056      285
 232 0.000130      662
 233 0.000024      124
 234 0.000536     2736
 235 0.000000        0
 236 0.000000        0
 237 0.000000        0
 238 0.000000        0
 239 0.000357     1823
 240 0.001366     6977
 241 0.000097      498
 242 0.000326     1663
 243 0.000000        0
 244 0.000000        0
 245 0.000000        0
 246 0.000000        0
 247 0.007119    36364
 248 0.005740    29322
 249 0.000182      928
 250 0.000174      887
 251 0.000194      993
 252 0.000106      539
 253 0.001043     5329
 254 0.000000        0
 255 0.000000        0
 256 0.000000        0
 257 0.000000        0
 258 0.000595     3038
 259 0.003476    17755
 260 0.000205     1045
 261 0.000108      551
 262 0.000386     1973
 263 0.000218     1113
 264 0.001184     6050
 265 0.000259     1321
 266 0.000770     3935
 267 0.000147      749
 268 0.000453     2315
 269 0.000059      300
 270 0.000385     1967
 271 0.000026      133
 272 0.000023      115
 273 0.000081      412
 274 0.000409     2088
 275 0.000618     3157
 276 0.001250     6386
 277 0.000599     3062
 278 0.000199     1018
 279 0.000427     2179
 280 0.003774    19280
 281 0.000440     2249
 282 0.000373     1907
 283 0.000436     2226
 284 0.000132      673
 285 0.000371     1897
 286 0.001419     7248
 287 0.000709     3621
 288 0.002218    11328
 289 0.001113     5683
 290 0.000564     2880
 291 0.000853     4359
 292 0.000395     2019
 293 0.001111     5673
 294 0.000709     3620
 295 0.000273     1396
 296 0.000360     1839
 297 0.000195      996
 298 0.000203     1035
 299 0.000111      567
 300 0.000042      215
 301 0.000053      272
 302 0.000050      255
 303 0.000246     1258
 304 0.000339     1734
 305 0.001004     5130
 306 0.000097      496
 307 0.000116      595
 308 0.000143      731
 309 0.000291     1485
 310 0.004306    21996
 311 0.000261     1331
 312 0.000256     1310
 313 0.000135      688
 314 0.000137      700
 315 0.000508     2593
 316 0.000380     1941
 317 0.001720     8788
 318 0.000216     1102
 319 0.000266     1359
 320 0.000246     1257
 321 0.000230     1174
 322 0.000254     1298
 323 0.000282     1443
 324 0.000146      747
 325 0.000122      625
 326 0.000204     1044
 327 0.000102      522
 328 0.000128      654
 329 0.000061      314
 330 0.000061      313
 331 0.000251     1284
 332 0.000435     2224
 333 0.000421     2151
 334 0.000563     2875
 335 0.000244     1248
 336 0.000117      598
 337 0.000122      621
 338 0.000215     1100
 339 0.000303     1550
 340 0.001767     9028
 341 0.000379     1938
 342 0.000202     1030
 343 0.000664     3394
 344 0.000705     3600
 345 0.000373     1903
 346 0.001731     8840
 347 0.000402     2052
 348 0.000593     3028
 349 0.000622     3175
 350 0.000243     1239
 351 0.000680     3472
 352 0.000496     2534
 353 0.000509     2600
 354 0.000147      752
 355 0.000196     1000
 356 0.000192      981
 357 0.000099      506
 358 0.000076      386
 359 0.000067      343
 360 0.000101      517
 361 0.000219     1117
 362 0.000382     1950
 363 0.000154      786
 364 0.000053      273
 365 0.000074      380
 366 0.000087      444
 367 0.000135      691
 368 0.000155      791
 369 0.000370     1892
 370 0.001119     5714
 371 0.000216     1103
 372 0.000232     1183
 373 0.000325     1661
 374 0.000309     1579
 375 0.000271     1386
 376 0.000115      585
 377 0.000223     1140
 378 0.000212     1084
 379 0.000197     1006
 380 0.000166      850
 381 0.000139      710
 382 0.000183      935
 383 0.000118      603
 384 0.000067      342
 385 0.000111      568
 386 0.000016       84
 387 0.000079      405
 388 0.000063      321
 389 0.000101      516
 390 0.000330     1687
 391 0.000557     2846
 392 0.000154      786
 393 0.000000        0
 394 0.000000        0
 395 0.000004       19
 396 0.000000        0
 397 0.000088      452
 398 0.000107      549
 399 0.000165      841
 400 0.000171      876
 401 0.000303     1550
 402 0.000551     2813
 403 0.000522     2668
 404 0.000000        2
 405 0.000002        8
 406 0.000145      739
 407 0.000000        2
 408 0.000197     1004
 409 0.000337     1722
 410 0.000431     2202
 411 0.000209     1067
 412 0.000000        1
 413 0.000000        1
 414 0.000005       28
 415 0.000000        1
 416 0.000261     1332
 417 0.000161      822
 418 0.000264     1351
 419 0.000070      356
 420 0.000218     1113
 421 0.000237     1209
 422 0.000183      934
 423 0.000218     1114
 424 0.000084      428
 425 0.000147      749
 426 0.000010       49
 427 0.000109      557
 428 0.000026      133
 429 0.000152      774
 430 0.000172      877
 431 0.000051      263
 432 0.000051      263
 433 0.000060      309
 434 0.000084      427
 435 0.000114      582
 436 0.000158      808
 437 0.000432     2206
 438 0.000038      192
 439 0.000138      703
 440 0.000207     1059
 441 0.000085      436
 442 0.000026      131
 443 0.000119      606
 444 0.000117      600
 445 0.000124      635
 446 0.000077      391
 447 0.000135      689
 448 0.000046      235
 449 0.000115      588
 450 0.000015       78
 451 0.000107      547
 452 0.000763     3898
 453 0.000090      460
 454 0.001202     6140
 455 0.002434    12433
 456 0.003930    20075
 457 0.000220     1126
 458 0.002523    12890
 459 0.001342     6854
 460 0.001175     6003
 461 0.001098     5608
 462 0.000833     4254
 463 0.000973     4970
 464 0.001075     5491
 465 0.002117    10814
 466 0.004388    22415
 467 0.000380     1942
 468 0.001015     5186
 469 0.000251     1284
 470 0.004431    22636
 471 0.000477     2439
 472 0.002426    12393
 473 0.000236     1205
 474 0.002213    11306
 475 0.000191      975
 476 0.000442     2260
 477 0.000063      321
 478 0.000318     1624
 479 0.000194      990
 480 0.000649     3313
 481 0.000828     4229
 482 0.000000        0
 483 0.000000        0
 484 0.000000        0
 485 0.000000        0
 486 0.001104     5642
 487 0.001858     9490
 488 0.000375     1916
 489 0.000696     3554
 490 0.000000        0
 491 0.000000        0
 492 0.000000        0
 493 0.000000        0
 494 0.004815    24595
 495 0.003413    17432
 496 0.000518     2648
 497 0.000381     1944
 498 0.000399     2037
 499 0.000280     1429
 500 0.001005     5134
 501 0.000000        0
 502 0.000000        0
 503 0.000000        0
 504 0.000000        0
 505 0.001572     8030
 506 0.001952     9970
 507 0.000398     2031
 508 0.000252     1286
 509 0.001057     5401
 510 0.000659     3367
 511 0.000842     4301
 512 0.000404     2062
 513 0.000426     2176
 514 0.000166      847
 515 0.000194      989
 516 0.000073      371
 517 0.000076      388
 518 0.000141      721
 519 0.000323     1651
 520 0.000234     1197
 521 0.002050    10474
 522 0.000382     1949
 523 0.000405     2071
 524 0.000613     3130
 525 0.000666     3400
 526 0.001503     7676
 527 0.001908     9747
 528 0.000240     1228
 529 0.000605     3089
 530 0.004268    21804
 531 0.000372     1900
 532 0.000242     1237
 533 0.000295     1505
 534 0.000227     1162
 535 0.000839     4286
 536 0.000959     4900
 537 0.000786     4017
 538 0.002932    14979
 539 0.003782    19319
 540 0.000366     1870
 541 0.002540    12974
 542 0.000403     2058
 543 0.003229    16496
 544 0.000564     2880
 545 0.000218     1114
 546 0.000319     1630
 547 0.000157      803
 548 0.000238     1215
 549 0.000065      330
 550 0.000033      170
 551 0.000309     1581
 552 0.000205     1047
 553 0.000313     1599
 554 0.000550     2810
 555 0.000254     1300
 556 0.000149      763
 557 0.001155     5902
 558 0.000452     2311
 559 0.001802     9204
 560 0.000549     2806
 561 0.000179      914
 562 0.000353     1805
 563 0.000429     2189
 564 0.003880    19821
 565 0.000317     1621
 566 0.000300     1531
 567 0.000237     1210
 568 0.000559     2858
 569 0.001154     5895
 570 0.000578     2952
 571 0.004419    22574
 572 0.000808     4128
 573 0.000737     3766
 574 0.001034     5284
 575 0.000311     1587
 576 0.000987     5044
 577 0.000635     3242
 578 0.000302     1543
 579 0.000166      850
 580 0.000340     1737
 581 0.000109      558
 582 0.000072      369
 583 0.000104      533
 584 0.000151      773
 585 0.000174      890
 586 0.000329     1679
 587 0.000240     1226
 588 0.000159      813
 589 0.000260     1328
 590 0.000304     1554
 591 0.000411     2102
 592 0.000809     4135
 593 0.000291     1486
 594 0.000136      695
 595 0.000190      972
 596 0.000216     1102
 597 0.000338     1728
 598 0.001693     8650
 599 0.000352     1799
 600 0.000233     1191
 601 0.000497     2540
 602 0.000541     2763
 603 0.000405     2069
 604 0.000842     4301
 605 0.000298     1522
 606 0.000294     1503
 607 0.000414     2115
 608 0.000237     1209
 609 0.000384     1963
 610 0.000242     1234
 611 0.000099      505
 612 0.000115      585
 613 0.000174      890
 614 0.000026      132
 615 0.000090      458
 616 0.000086      441
 617 0.000141      722
 618 0.000126      644
 619 0.000352     1797
 620 0.000119      610
 621 0.000099      505
 622 0.000174      887
 623 0.000316     1615
 624 0.000342     1749
 625 0.000359     1835
 626 0.000071      364
 627 0.000088      451
 628 0.000124      633
 629 0.000127      650
 630 0.000195      994
 631 0.000337     1723
 632 0.001074     5488
 633 0.000256     1308
 634 0.000247     1262
 635 0.000410     2096
 636 0.000342     1745
 637 0.000303     1547
 638 0.000126      642
 639 0.000202     1031
 640 0.000267     1366
 641 0.000175      894
 642 0.000233     1190
 643 0.000162      828
 644 0.000175      896
 645 0.000118      601
 646 0.000063      324
 647 0.000092      469
 648 0.000008       42
 649 0.000075      382
 650 0.000131      669
 651 0.000076      388
 652 0.000395     2017
 653 0.000088      447
 654 0.000128      656
 655 0.000244     1248
 656 0.000528     2696
 657 0.000148      756
 658 0.000000        0
 659 0.000000        0
 660 0.000003       13
 661 0.000000        0
 662 0.000074      377
 663 0.000111      566
 664 0.000134      682
 665 0.000158      808
 666 0.000248     1268
 667 0.000450     2297
 668 0.000441     2253
 669 0.000000        2
 670 0.000002        9
 671 0.000126      645
 672 0.000000        1
 673 0.000210     1071
 674 0.000260     1327
 675 0.000361     1844
 676 0.000199     1018
 677 0.000000        0
 678 0.000000        0
 679 0.000006       33
 680 0.000000        1
 681 0.000189      966
 682 0.000142      727
 683 0.000229     1170
 684 0.000080      411
 685 0.000151      769
 686 0.000216     1103
 687 0.000102      522
 688 0.000137      700
 689 0.000023      119
 690 0.000102      521
 691 0.000079      406
 692 0.000033      171
 693 0.000136      697
 694 0.000059      301
 695 0.000181      925
 696 0.000203     1037
 697 0.000049      250
 698 0.000089      453
 699 0.000084      427
 700 0.000112      570
 701 0.000127      651
 702 0.000170      866
 703 0.000414     2115
 704 0.000063      321
 705 0.000146      744
 706 0.000234     1193
 707 0.000078      396
 708 0.000045      231
 709 0.000137      702
 710 0.000124      635
 711 0.000135      689
 712 0.000075      384
 713 0.000110      563
 714 0.000041      208
 715 0.000115      590
 716 0.000928     4739
 717 0.001439     7351
 718 0.001195     6106
 719 0.000126      644
 720 0.002482    12679
 721 0.003042    15541
 722 0.003794    19380
 723 0.000238     1214
 724 0.005664    28934
 725 0.002837    14493
 726 0.002371    12110
 727 0.001552     7926
 728 0.001106     5651
 729 0.001058     5407
 730 0.001711     8739
 731 0.002904    14836
 732 0.003936    20108
 733 0.000455     2325
 734 0.001030     5263
 735 0.000303     1546
 736 0.001952     9973
 737 0.000490     2501
 738 0.000771     3939
 739 0.000377     1925
 740 0.000672     3431
 741 0.000248     1268
 742 0.000629     3211
 743 0.000465     2377
 744 0.000514     2625
 745 0.002406    12291
 746 0.001144     5842
 747 0.001099     5612
 748 0.000000        0
 749 0.000000        0
 750 0.000000        0
 751 0.000000        0
 752 0.001564     7987
 753 0.002949    15062
 754 0.003113    15902
 755 0.000795     4062
 756 0.000000        0
 757 0.000000        0
 758 0.000000        0
 759 0.000000        0
 760 0.003144    16062
 761 0.001997    10199
 762 0.000473     2415
 763 0.000426     2178
 764 0.000312     1593
 765 0.000349     1783
 766 0.001486     7593
 767 0.000000        0
 768 0.000000        0
 769 0.000000        0
 770 0.000000        0
 771 0.001671     8536
 772 0.002483    12683
 773 0.002903    14830
 774 0.001420     7254
 775 0.000654     3341
 776 0.002835    14481
 777 0.001208     6172
 778 0.000224     1145
 779 0.000764     3901
 780 0.000106      539
 781 0.000459     2345
 782 0.000179      914
 783 0.000390     1991
 784 0.000489     2500
 785 0.000171      871
 786 0.000398     2035
 787 0.000388     1982
 788 0.000810     4139
 789 0.000129      659
 790 0.001572     8030
 791 0.001036     5294
 792 0.002567    13114
 793 0.000647     3307
 794 0.000340     1737
 795 0.000914     4668
 796 0.003653    18659
 797 0.000419     2139
 798 0.000268     1369
 799 0.000249     1271
 800 0.000277     1416
 801 0.000181      927
 802 0.001767     9024
 803 0.001141     5826
 804 0.003570    18234
 805 0.000614     3134
 806 0.000594     3035
 807 0.000293     1496
 808 0.000554     2831
 809 0.000617     3154
 810 0.000862     4402
 811 0.000316     1615
 812 0.000432     2208
 813 0.000150      767
 814 0.000290     1482
 815 0.000077      391
 816 0.000227     1159
 817 0.000219     1119
 818 0.000216     1104
 819 0.000776     3963
 820 0.000301     1538
 821 0.000781     3989
 822 0.000337     1721
 823 0.000417     2130
 824 0.000743     3797
 825 0.000639     3263
 826 0.002998    15312
 827 0.001200     6130
 828 0.000228     1166
 829 0.000463     2363
 830 0.000567     2896
 831 0.003915    20001
 832 0.000339     1734
 833 0.000287     1464
 834 0.000321     1639
 835 0.000627     3205
 836 0.000952     4861
 837 0.000662     3383
 838 0.003467    17709
 839 0.000687     3510
 840 0.000229     1170
 841 0.000977     4989
 842 0.000358     1828
 843 0.000960     4904
 844 0.000425     2170
 845 0.000051      262
 846 0.000167      855
 847 0.000311     1589
 848 0.000183      937
 849 0.000043      218
 850 0.000078      396
 851 0.000180      918
 852 0.000108      552
 853 0.000254     1298
 854 0.000218     1114
 855 0.000266     1359
 856 0.000277     1413
 857 0.000311     1589
 858 0.000336     1714
 859 0.000513     2621
 860 0.000451     2306
 861 0.001166     5956
 862 0.000289     1477
 863 0.000146      746
 864 0.000213     1090
 865 0.000218     1113
 866 0.000371     1897
 867 0.002058    10514
 868 0.000360     1840
 869 0.000304     1554
 870 0.000474     2420
 871 0.000670     3424
 872 0.000460     2351
 873 0.001075     5493
 874 0.000475     2426
 875 0.000297     1519
 876 0.000431     2200
 877 0.000209     1067
 878 0.000546     2790
 879 0.000269     1375
 880 0.000131      670
 881 0.000121      618
 882 0.000073      372
 883 0.000015       76
 884 0.000113      578
 885 0.000075      383
 886 0.000202     1031
 887 0.000131      667
 888 0.000189      966
 889 0.000251     1281
 890 0.000234     1196
 891 0.000105      535
 892 0.000276     1409
 893 0.000345     1760
 894 0.000362     1849
 895 0.000323     1648
 896 0.000170      868
 897 0.000088      452
 898 0.000152      776
 899 0.000131      671
 900 0.000195      997
 901 0.000345     1761
 902 0.001114     5691
 903 0.000305     1559
 904 0.000309     1577
 905 0.000394     2011
 906 0.000331     1689
 907 0.000352     1797
 908 0.000158      806
 909 0.000165      842
 910 0.000277     1415
 911 0.000153      781
 912 0.000203     1035
 913 0.000146      748
 914 0.000111      568
 915 0.000107      549
 916 0.000026      131
 917 0.000087      442
 918 0.000064      326
 919 0.000294     1503
 920 0.000098      502
 921 0.000080      411
 922 0.000380     1942
 923 0.000039      198
 924 0.000135      689
 925 0.000190      972
 926 0.000347     1771
 927 0.000152      776
 928 0.000000        0
 929 0.000000        0
 930 0.000007       34
 931 0.000000        0
 932 0.000064      327
 933 0.000094      481
 934 0.000118      602
 935 0.000136      696
 936 0.000211     1080
 937 0.000369     1887
 938 0.000372     1899
 939 0.000000        0
 940 0.000001        6
 941 0.000130      663
 942 0.000001        3
 943 0.000144      738
 944 0.000184      939
 945 0.000295     1505
 946 0.000163      831
 947 0.000000        0
 948 0.000001        3
 949 0.000007       35
 950 0.000000        1
 951 0.000109      555
 952 0.000113      576
 953 0.000236     1206
 954 0.000084      427
 955 0.000084      427
 956 0.000127      647
 957 0.000044      224
 958 0.000103      524
 959 0.000071      365
 960 0.000161      821
 961 0.000093      473
 962 0.000040      204
 963 0.000149      761
 964 0.000075      384
 965 0.000166      848
 966 0.000204     1041
 967 0.000063      323
 968 0.000077      391
 969 0.000113      576
 970 0.000143      728
 971 0.000143      731
 972 0.000158      808
 973 0.000370     1890
 974 0.000068      345
 975 0.000142      727
 976 0.000253     1291
 977 0.000109      557
 978 0.000044      227
 979 0.000154      789
 980 0.000092      472
 981 0.000119      608
 982 0.000061      311
 983 0.000122      625
 984 0.000591     3021
 985 0.000153      780
 986 0.000661     3377
 987 0.000225     1148
 988 0.003045    15555
 989 0.000554     2829
 990 0.000409     2087
 991 0.002838    14499
 992 0.001615     8251
 993 0.000740     3780
 994 0.003206    16377
 995 0.001771     9049
 996 0.001316     6723
 997 0.001031     5265
 998 0.000649     3313
 999 0.000655     3348
1000 0.000929     4745
1001 0.002021    10322
1002 0.001228     6272
1003 0.000506     2584
1004 0.009672    49407
1005 0.000277     1417
1006 0.000365     1867
1007 0.000303     1546
1008 0.000249     1272
1009 0.000208     1064
1010 0.000430     2196
1011 0.000376     1921
1012 0.000939     4799
1013 0.000456     2328
1014 0.000825     4213
1015 0.001131     5779
1016 0.001770     9042
1017 0.001753     8956
1018 0.000000        0
1019 0.000000        0
1020 0.000000        0
1021 0.000000        0
1022 0.002095    10702
1023 0.003746    19136
1024 0.001247     6371
1025 0.000888     4536
1026 0.000000        0
1027 0.000000        0
1028 0.000000        0
1029 0.000000        0
1030 0.004608    23538
1031 0.002798    14292
1032 0.000453     2313
1033 0.000281     1437
1034 0.000256     1310
1035 0.000226     1156
1036 0.001938     9900
1037 0.000000        0
1038 0.000000        0
1039 0.000000        0
1040 0.000000        0
1041 0.001362     6956
1042 0.004462    22793
1043 0.001585     8097
1044 0.000234     1197
1045 0.000294     1501
1046 0.001448     7396
1047 0.001375     7025
1048 0.000109      555
1049 0.000747     3817
1050 0.000138      705
1051 0.000358     1831
1052 0.000228     1163
1053 0.000671     3426
1054 0.000521     2662
1055 0.000316     1616
1056 0.000403     2059
1057 0.000667     3408
1058 0.001262     6445
1059 0.000182      929
1060 0.001758     8978
1061 0.001248     6374
1062 0.005010    25590
1063 0.000875     4469
1064 0.000285     1454
1065 0.000897     4581
1066 0.005395    27557
1067 0.000366     1868
1068 0.000208     1064
1069 0.000215     1097
1070 0.000200     1022
1071 0.000182      929
1072 0.001374     7019
1073 0.001162     5936
1074 0.002793    14267
1075 0.000625     3194
1076 0.000146      746
1077 0.000199     1014
1078 0.000434     2215
1079 0.000517     2641
1080 0.000969     4952
1081 0.000170      867
1082 0.000547     2795
1083 0.000142      723
1084 0.000111      568
1085 0.000122      623
1086 0.000135      688
1087 0.000363     1852
1088 0.000346     1765
1089 0.000685     3497
1090 0.000307     1566
1091 0.000987     5041
1092 0.000410     2094
1093 0.000527     2690
1094 0.000860     4391
1095 0.000694     3547
1096 0.003534    18051
1097 0.000913     4662
1098 0.000197     1007
1099 0.000362     1848
1100 0.000569     2909
1101 0.004837    24707
1102 0.000239     1220
1103 0.000223     1139
1104 0.000231     1178
1105 0.000293     1497
1106 0.000965     4928
1107 0.000699     3571
1108 0.002554    13047
1109 0.000884     4515
1110 0.000276     1408
1111 0.000600     3066
1112 0.000287     1467
1113 0.000685     3497
1114 0.000242     1234
1115 0.000028      141
1116 0.000244     1246
1117 0.000151      772
1118 0.000048      245
1119 0.000145      742
1120 0.000117      597
1121 0.000129      661
1122 0.000142      723
1123 0.000238     1214
1124 0.000593     3029
1125 0.000214     1095
1126 0.000900     4597
1127 0.000235     1200
1128 0.000788     4024
1129 0.000572     2921
1130 0.000467     2387
1131 0.000998     5096
1132 0.000714     3648
1133 0.000132      674
1134 0.000185      946
1135 0.000200     1022
1136 0.000369     1885
1137 0.001882     9614
1138 0.000272     1391
1139 0.000232     1186
1140 0.000613     3129
1141 0.000512     2616
1142 0.000392     2004
1143 0.001602     8183
1144 0.000310     1585
1145 0.000292     1493
1146 0.000491     2509
1147 0.000204     1043
1148 0.000364     1857
1149 0.000284     1451
1150 0.000050      254
1151 0.000144      736
1152 0.000060      309
1153 0.000030      153
1154 0.000113      575
1155 0.000079      405
1156 0.000117      600
1157 0.000114      581
1158 0.000154      786
1159 0.000136      697
1160 0.000115      586
1161 0.000109      557
1162 0.000161      824
1163 0.000306     1561
1164 0.000292     1490
1165 0.000241     1230
1166 0.000102      520
1167 0.000060      305
1168 0.000090      458
1169 0.000095      483
1170 0.000144      738
1171 0.000304     1552
1172 0.000812     4148
1173 0.000191      975
1174 0.000177      906
1175 0.000316     1615
1176 0.000291     1486
1177 0.000402     2052
1178 0.000130      666
1179 0.000109      559
1180 0.000145      742
1181 0.000152      778
1182 0.000118      603
1183 0.000059      303
1184 0.000062      317
1185 0.000094      479
1186 0.000045      231
1187 0.000198     1011
1188 0.000085      432
1189 0.000232     1187
1190 0.000119      610
1191 0.000135      692
1192 0.000195      996
1193 0.000072      368
1194 0.000152      779
1195 0.000217     1108
1196 0.000256     1309
1197 0.000165      843
1198 0.000000        1
1199 0.000000        1
1200 0.000008       39
1201 0.000000        1
1202 0.000055      281
1203 0.000074      379
1204 0.000092      470
1205 0.000118      602
1206 0.000168      859
1207 0.000287     1465
1208 0.000322     1643
1209 0.000001        3
1210 0.000003       16
1211 0.000093      474
1212 0.000001        6
1213 0.000134      687
1214 0.000204     1044
1215 0.000279     1424
1216 0.000156      798
1217 0.000000        0
1218 0.000001        3
1219 0.000013       65
1220 0.000000        2
1221 0.000099      507
1222 0.000080      410
1223 0.000132      675
1224 0.000024      122
1225 0.000079      402
1226 0.000098      499
1227 0.000049      251
1228 0.000126      642
1229 0.000089      456
1230 0.000120      612
1231 0.000097      495
1232 0.000043      219
1233 0.000115      586
1234 0.000072      369
1235 0.000133      679
1236 0.000213     1087
1237 0.000043      221
1238 0.000060      304
1239 0.000070      359
1240 0.000141      721
1241 0.000144      738
1242 0.000124      635
1243 0.000295     1509
1244 0.000078      400
1245 0.000148      755
1246 0.000235     1200
1247 0.000085      433
1248 0.000028      142
1249 0.000105      535
1250 0.000088      448
1251 0.000116      591
1252 0.000676     3454
1253 0.000243     1241
1254 0.001065     5439
1255 0.000901     4604
1256 0.002784    14222
1257 0.001424     7275
1258 0.005415    27663
1259 0.000407     2081
1260 0.002447    12500
1261 0.007876    40235
1262 0.005668    28951
1263 0.000843     4304
1264 0.002304    11770
1265 0.001067     5451
1266 0.000721     3684
1267 0.000473     2417
1268 0.000351     1795
1269 0.000313     1601
1270 0.000300     1533
1271 0.001486     7589
1272 0.003349    17106
1273 0.000651     3325
1274 0.000350     1790
1275 0.000175      895
1276 0.000527     2691
1277 0.000087      445
1278 0.000079      404
1279 0.000146      746
1280 0.000129      659
1281 0.000243     1239
1282 0.000216     1104
1283 0.000136      695
1284 0.000436     2229
1285 0.000316     1613
1286 0.000358     1829
1287 0.000946     4833
1288 0.000000        0
1289 0.000000        0
1290 0.000000        0
1291 0.000000        0
1292 0.001671     8538
1293 0.003627    18530
1294 0.000266     1360
1295 0.000783     3999
1296 0.000000        0
1297 0.000000        0
1298 0.000000        0
1299 0.000000        0
1300 0.008341    42610
1301 0.007005    35784
1302 0.000179      915
1303 0.000146      747
1304 0.000131      668
1305 0.000081      415
1306 0.000706     3607
1307 0.000000        0
1308 0.000000        0
1309 0.000000        0
1310 0.000000        0
1311 0.001020     5211
1312 0.002124    10848
1313 0.000228     1166
1314 0.000045      229
1315 0.000110      561
1316 0.000148      754
1317 0.000277     1416
1318 0.000092      469
1319 0.000123      630
1320 0.000167      851
1321 0.000429     2191
1322 0.000224     1145
1323 0.000468     2391
1324 0.000543     2776
1325 0.004137    21134
1326 0.000435     2222
1327 0.004209    21502
1328 0.000815     4164
1329 0.001590     8121
1330 0.002044    10442
1331 0.001410     7202
1332 0.003141    16043
1333 0.005213    26629
1334 0.000188      958
1335 0.000814     4160
1336 0.004242    21668
1337 0.000376     1920
1338 0.000292     1491
1339 0.000191      978
1340 0.000103      526
1341 0.000269     1373
1342 0.001289     6583
1343 0.001268     6476
1344 0.002031    10376
1345 0.002255    11517
1346 0.000060      308
1347 0.000721     3684
1348 0.000341     1744
1349 0.002015    10291
1350 0.000460     2350
1351 0.000096      490
1352 0.000098      499
1353 0.000183      935
1354 0.000238     1214
1355 0.000143      729
1356 0.000409     2089
1357 0.000608     3105
1358 0.000577     2949
1359 0.000262     1338
1360 0.000600     3065
1361 0.000830     4239
1362 0.000355     1814
1363 0.001467     7492
1364 0.000712     3636
1365 0.003360    17163
1366 0.000431     2200
1367 0.000120      614
1368 0.000191      976
1369 0.000558     2849
1370 0.004090    20895
1371 0.000235     1199
1372 0.000144      738
1373 0.000097      493
1374 0.000120      614
1375 0.001195     6103
1376 0.000549     2802
1377 0.001829     9344
1378 0.000253     1291
1379 0.000232     1183
1380 0.000151      771
1381 0.000251     1281
1382 0.000378     1932
1383 0.000340     1736
1384 0.000087      444
1385 0.000042      214
1386 0.000085      433
1387 0.000117      597
1388 0.000098      502
1389 0.000170      870
1390 0.000198     1010
1391 0.000301     1539
1392 0.000174      890
1393 0.000367     1877
1394 0.000158      807
1395 0.000395     2019
1396 0.000452     2308
1397 0.000383     1958
1398 0.000811     4145
1399 0.000314     1602
1400 0.000070      359
1401 0.000098      499
1402 0.000180      921
1403 0.000316     1612
1404 0.001480     7560
1405 0.000170      867
1406 0.000105      537
1407 0.000234     1193
1408 0.000345     1761
1409 0.000356     1818
1410 0.000880     4497
1411 0.000176      901
1412 0.000125      639
1413 0.000159      813
1414 0.000212     1082
1415 0.000297     1517
1416 0.000105      538
1417 0.000017       87
1418 0.000079      401
1419 0.000037      187
1420 0.000080      411
1421 0.000091      466
1422 0.000086      438
1423 0.000128      652
1424 0.000145      742
1425 0.000117      598
1426 0.000127      650
1427 0.000130      664
1428 0.000150      765
1429 0.000282     1438
1430 0.000258     1319
1431 0.000227     1160
1432 0.000104      532
1433 0.000042      213
1434 0.000061      311
1435 0.000088      447
1436 0.000121      619
1437 0.000230     1175
1438 0.000677     3460
1439 0.000092      471
1440 0.000109      556
1441 0.000253     1290
1442 0.000266     1359
1443 0.000300     1533
1444 0.000045      232
1445 0.000075      385
1446 0.000108      553
1447 0.000140      714
1448 0.000091      466
1449 0.000065      334
1450 0.000020      101
1451 0.000134      684
1452 0.000070      359
1453 0.000157      804
1454 0.000093      473
1455 0.000116      594
1456 0.000121      616
1457 0.000113      576
1458 0.000130      665
1459 0.000065      332
1460 0.000127      651
1461 0.000207     1055
1462 0.000219     1121
1463 0.000126      645
1464 0.000000        0
1465 0.000001        4
1466 0.000006       29
1467 0.000000        2
1468 0.000041      211
1469 0.000051      259
1470 0.000075      382
1471 0.000104      530
1472 0.000127      650
1473 0.000286     1461
1474 0.000256     1307
1475 0.000000        2
1476 0.000003       14
1477 0.000088      449
1478 0.000002        8
1479 0.000123      630
1480 0.000189      963
1481 0.000278     1418
1482 0.000100      509
1483 0.000000        0
1484 0.000000        1
1485 0.000002       12
1486 0.000000        0
1487 0.000099      505
1488 0.000092      470
1489 0.000143      729
1490 0.000032      162
1491 0.000027      136
1492 0.000088      447
1493 0.000043      221
1494 0.000077      392
1495 0.000075      382
1496 0.000074      378
1497 0.000073      372
1498 0.000037      188
1499 0.000083      426
1500 0.000041      208
1501 0.000112      570
1502 0.000190      971
1503 0.000023      119
1504 0.000027      139
1505 0.000040      206
1506 0.000056      284
1507 0.000082      418
1508 0.000070      358
1509 0.000230     1173
1510 0.000046      233
1511 0.000104      530
1512 0.000192      979
1513 0.000050      257
1514 0.000018       90
1515 0.000083      423
1516 0.000102      520
1517 0.000015       79
1518 0.000104      533
1519 0.000020      104
1520 0.000185      943
1521 0.000036      185
1522 0.000228     1164
1523 0.000062      317
1524 0.000237     1209
1525 0.001180     6030
1526 0.000067      341
1527 0.004034    20609
1528 0.003938    20115
1529 0.001948     9953
1530 0.005942    30355
1531 0.000322     1647
1532 0.000227     1159
1533 0.000217     1108
1534 0.000160      816
1535 0.000172      879
1536 0.000093      476
1537 0.004395    22449
1538 0.003875    19796
1539 0.000353     1803
1540 0.000032      162
1541 0.000099      504
1542 0.000045      228
1543 0.000471     2404
1544 0.000080      411
1545 0.000561     2868
1546 0.000103      526
1547 0.000996     5087
1548 0.000129      660
1549 0.000138      703
1550 0.000247     1263
1551 0.001344     6867
1552 0.002589    13224
1553 0.000000        0
1554 0.000000        0
1555 0.000000        0
1556 0.000000        0
1557 0.001193     6095
1558 0.004950    25287
1559 0.000250     1277
1560 0.001144     5844
1561 0.000000        0
1562 0.000000        0
1563 0.000000        0
1564 0.000000        0
1565 0.008159    41676
1566 0.003868    19757
1567 0.000096      489
1568 0.000077      394
1569 0.000065      331
1570 0.000034      173
1571 0.000559     2857
1572 0.000000        0
1573 0.000000        0
1574 0.000000        0
1575 0.000000        0
1576 0.000812     4148
1577 0.002653    13551
1578 0.000112      571
1579 0.000045      229
1580 0.000063      322
1581 0.000081      414
1582 0.000112      571
1583 0.000172      880
1584 0.000154      786
1585 0.000300     1535
1586 0.000185      944
1587 0.000541     2762
1588 0.000265     1352
1589 0.000698     3565
1590 0.000493     2518
1591 0.000356     1821
1592 0.001090     5566
1593 0.001067     5448
1594 0.002859    14606
1595 0.000709     3620
1596 0.000073      371
1597 0.000601     3069
1598 0.005209    26608
1599 0.000245     1252
1600 0.000168      860
1601 0.000134      685
1602 0.000062      315
1603 0.000071      362
1604 0.000461     2353
1605 0.000670     3425
1606 0.001562     7977
1607 0.000437     2233
1608 0.000065      334
1609 0.000060      309
1610 0.000096      492
1611 0.000163      834
1612 0.000190      969
1613 0.000117      600
1614 0.000197     1007
1615 0.000349     1781
1616 0.000335     1712
1617 0.000236     1204
1618 0.000279     1424
1619 0.000332     1698
1620 0.000162      827
1621 0.000803     4100
1622 0.000591     3021
1623 0.001799     9189
1624 0.000281     1437
1625 0.000057      290
1626 0.000090      462
1627 0.000447     2282
1628 0.003577    18270
1629 0.000172      878
1630 0.000120      613
1631 0.000067      343
1632 0.000083      426
1633 0.000394     2011
1634 0.000474     2423
1635 0.001187     6062
1636 0.000161      821
1637 0.000058      295
1638 0.000059      300
1639 0.000162      825
1640 0.000078      399
1641 0.000479     2448
1642 0.000096      492
1643 0.000206     1054
1644 0.000843     4306
1645 0.000688     3513
1646 0.000166      849
1647 0.000539     2755
1648 0.000598     3054
1649 0.000666     3402
1650 0.000831     4245
1651 0.000329     1683
1652 0.002099    10723
1653 0.000294     1502
1654 0.000051      259
1655 0.000051      259
1656 0.000151      770
1657 0.000272     1388
1658 0.001227     6267
1659 0.000123      630
1660 0.000092      470
1661 0.000269     1372
1662 0.000978     4996
1663 0.000386     1970
1664 0.000759     3877
1665 0.000150      766
1666 0.000063      322
1667 0.000024      121
1668 0.000062      317
1669 0.000050      257
1670 0.000061      312
1671 0.000087      444
1672 0.000079      403
1673 0.000115      589
1674 0.000109      557
1675 0.000123      630
1676 0.000107      547
1677 0.000105      538
1678 0.000120      612
1679 0.000216     1105
1680 0.000232     1186
1681 0.000274     1402
1682 0.000076      386
1683 0.000027      137
1684 0.000037      188
1685 0.000068      347
1686 0.000082      418
1687 0.000220     1126
1688 0.000592     3025
1689 0.000083      425
1690 0.000060      308
1691 0.000195      994
1692 0.000295     1508
1693 0.000172      877
1694 0.000021      107
1695 0.000010       50
1696 0.000094      481
1697 0.000028      142
1698 0.000090      460
1699 0.000055      283
1700 0.000084      429
1701 0.000071      363
1702 0.000076      388
1703 0.000093      473
1704 0.000068      349
1705 0.000095      484
1706 0.000032      165
1707 0.000090      458
1708 0.000156      795
1709 0.000204     1042
1710 0.000109      556
1711 0.000000        0
1712 0.000001        4
1713 0.000008       39
1714 0.000001        3
1715 0.000027      136
1716 0.000034      176
1717 0.000058      298
1718 0.000071      363
1719 0.000100      513
1720 0.000236     1208
1721 0.000189      967
1722 0.000000        0
1723 0.000003       13
1724 0.000083      422
1725 0.000001        4
1726 0.000054      275
1727 0.000136      697
1728 0.000262     1337
1729 0.000070      359
1730 0.000000        0
1731 0.000000        0
1732 0.000003       14
1733 0.000000        0
1734 0.000012       63
1735 0.000099      508
1736 0.000024      123
1737 0.000077      393
1738 0.000036      183
1739 0.000074      378
1740 0.000055      281
1741 0.000082      419
1742 0.000051      260
1743 0.000017       86
1744 0.000091      466
1745 0.000023      120
1746 0.000095      486
1747 0.000198     1012
1748 0.000020      104
1749 0.000021      107
1750 0.000032      166
1751 0.000051      262
1752 0.000068      348
1753 0.000069      350
1754 0.000163      833
1755 0.000019       99
1756 0.000094      481
1757 0.000172      879
1758 0.000168      856
1759 0.000008       39
1760 0.000254     1296
1761 0.000011       56
1762 0.000505     2579
1763 0.000017       85
1764 0.000895     4572
1765 0.000026      132
1766 0.000979     5000
1767 0.000034      176
1768 0.000643     3283
1769 0.000058      297
1770 0.000063      320
1771 0.002322    11861
1772 0.001165     5950
1773 0.000032      164
1774 0.001292     6599
1775 0.000382     1951
1776 0.000316     1615
1777 0.000259     1322
1778 0.000191      975
1779 0.000185      944
1780 0.000176      901
1781 0.000023      115
1782 0.000026      133
1783 0.000016       82
1784 0.000040      202
1785 0.000029      150
1786 0.000058      297
1787 0.000072      366
1788 0.000061      313
1789 0.000093      474
1790 0.000223     1139
1791 0.000079      403
1792 0.000310     1586
1793 0.000100      512
1794 0.001227     6269
1795 0.000000        0
1796 0.000000        0
1797 0.000000        0
1798 0.000000        0
1799 0.001028     5250
1800 0.002449    12511
1801 0.000357     1826
1802 0.000636     3251
1803 0.000000        0
1804 0.000000        0
1805 0.000000        0
1806 0.000000        0
1807 0.009506    48561
1808 0.006319    32278
1809 0.000066      339
1810 0.000059      300
1811 0.000055      281
1812 0.000046      237
1813 0.000025      126
1814 0.000047      242
1815 0.000063      324
1816 0.000129      660
1817 0.000094      482
1818 0.000166      848
1819 0.000128      655
1820 0.000281     1437
1821 0.000247     1262
1822 0.000298     1522
1823 0.000208     1062
1824 0.000339     1732
1825 0.000279     1423
1826 0.000079      405
1827 0.000954     4871
1828 0.000649     3313
1829 0.002354    12023
1830 0.000180      920
1831 0.000091      464
1832 0.000347     1771
1833 0.004100    20944
1834 0.000142      727
1835 0.000127      649
1836 0.000117      599
1837 0.000066      336
1838 0.000058      294
1839 0.000063      321
1840 0.000088      450
1841 0.000119      607
1842 0.000117      598
1843 0.000108      551
1844 0.000162      827
1845 0.000261     1332
1846 0.000280     1430
1847 0.000719     3674
1848 0.000239     1220
1849 0.000790     4036
1850 0.000354     1810
1851 0.000300     1530
1852 0.001141     5828
1853 0.000398     2032
1854 0.001981    10121
1855 0.000411     2098
1856 0.000085      433
1857 0.000053      271
1858 0.000264     1348
1859 0.004383    22389
1860 0.000184      938
1861 0.000153      782
1862 0.000096      492
1863 0.000056      288
1864 0.000056      287
1865 0.000077      393
1866 0.000132      676
1867 0.000112      570
1868 0.000283     1446
1869 0.000157      804
1870 0.000129      657
1871 0.000345     1763
1872 0.000209     1066
1873 0.000209     1069
1874 0.000229     1169
1875 0.000193      985
1876 0.000176      898
1877 0.000445     2272
1878 0.000385     1969
1879 0.001179     6021
1880 0.000097      497
1881 0.000058      297
1882 0.000044      223
1883 0.000142      723
1884 0.000334     1704
1885 0.001695     8658
1886 0.000201     1027
1887 0.000144      737
1888 0.000062      319
1889 0.000058      294
1890 0.000061      310
1891 0.000062      318
1892 0.000148      754
1893 0.000072      368
1894 0.000247     1262
1895 0.000089      454
1896 0.000237     1213
1897 0.000115      585
1898 0.000145      740
1899 0.000095      484
1900 0.000163      831
1901 0.000121      618
1902 0.000420     2147
1903 0.000278     1419
1904 0.000555     2833
1905 0.000027      139
1906 0.000043      220
1907 0.000034      173
1908 0.000076      388
1909 0.000145      739
1910 0.000268     1370
1911 0.000802     4098
1912 0.000143      733
1913 0.000108      553
1914 0.000012       62
1915 0.000100      513
1916 0.000035      180
1917 0.000086      439
1918 0.000072      368
1919 0.000084      429
1920 0.000109      558
1921 0.000089      456
1922 0.000098      503
1923 0.000075      385
1924 0.000124      634
1925 0.000034      176
1926 0.000069      355
1927 0.000136      693
1928 0.000222     1132
1929 0.000117      600
1930 0.000000        0
1931 0.000000        0
1932 0.000002       11
1933 0.000000        0
1934 0.000041      210
1935 0.000031      156
1936 0.000061      312
1937 0.000095      487
1938 0.000140      714
1939 0.000303     1550
1940 0.000327     1671
1941 0.000000        1
1942 0.000001        7
1943 0.000113      577
1944 0.000000        2
1945 0.000006       32
1946 0.000104      533
1947 0.000008       40
1948 0.000098      501
1949 0.000019       99
1950 0.000091      466
1951 0.000036      186
1952 0.000101      516
1953 0.000047      242
1954 0.000113      575
1955 0.000051      261
1956 0.000011       58
1957 0.000092      471
1958 0.000019       95
1959 0.000087      443
1960 0.000190      970
1961 0.000026      132
1962 0.000023      115
1963 0.000038      194
1964 0.000066      336
1965 0.000104      530
1966 0.000105      536
1967 0.000258     1317
